#Channel       Frequency       Mean        Std     Median      MADFM      1%ile        Min        Max
#                    MHz   mJy/beam   mJy/beam   mJy/beam   mJy/beam   mJy/beam   mJy/beam   mJy/beam
       1        1.000000     -0.001      0.000      0.000      0.000      0.000    -22.369     22.544
       2        1.000000      0.001      0.000      0.000      0.000      0.000    -23.654     22.757
       3        1.000000      0.012      0.000      0.000      0.000      0.000    -19.068     20.087
       4        1.000000      0.004      0.000      0.000      0.000      0.000    -23.760     22.355
       5        1.000000     -0.002      0.000      0.000      0.000      0.000    -18.296     21.445
       6        1.000000      0.001      0.000      0.000      0.000      0.000    -18.866     19.907
       7        1.000000     -0.001      0.000      0.000      0.000      0.000    -18.656     23.049
       8        1.000000     -0.001      0.000      0.000      0.000      0.000    -27.004     20.096
       9        1.000000     -0.008      0.000      0.000      0.000      0.000    -18.862     23.724
      10        1.000000      0.009      0.000      0.000      0.000      0.000    -18.463     19.578
      11        1.000000      0.009      0.000      0.000      0.000      0.000    -18.000     22.400
      12        1.000000     -0.007      0.000      0.000      0.000      0.000    -20.540     20.689
      13        1.000000      0.006      0.000      0.000      0.000      0.000    -20.322     23.484
      14        1.000000     -0.002      0.000      0.000      0.000      0.000    -20.569     19.447
      15        1.000000     -0.005      0.000      0.000      0.000      0.000    -20.561     23.507
      16        1.000000      0.001      0.000      0.000      0.000      0.000    -19.921     22.550
      17        1.000000     -0.001      0.000      0.000      0.000      0.000    -22.177     19.207
      18        1.000000     -0.000      0.000      0.000      0.000      0.000    -18.900     19.903
      19        1.000000     -0.005      0.000      0.000      0.000      0.000    -18.379     23.171
      20        1.000000      0.001      0.000      0.000      0.000      0.000    -19.720     19.335
      21        1.000000     -0.008      0.000      0.000      0.000      0.000    -20.405     19.152
      22        1.000000     -0.008      0.000      0.000      0.000      0.000    -20.200     20.263
      23        1.000000      0.003      0.000      0.000      0.000      0.000    -20.300     20.256
      24        1.000000     -0.007      0.000      0.000      0.000      0.000    -21.374     24.427
      25        1.000000     -0.005      0.000      0.000      0.000      0.000    -18.624     25.343
      26        1.000000      0.002      0.000      0.000      0.000      0.000    -20.741     23.193
      27        1.000000     -0.000      0.000      0.000      0.000      0.000    -18.836     19.809
      28        1.000000     -0.005      0.000      0.000      0.000      0.000    -21.146     22.751
      29        1.000000      0.002      0.000      0.000      0.000      0.000    -19.089     18.976
      30        1.000000     -0.001      0.000      0.000      0.000      0.000    -23.569     21.183
      31        1.000000      0.002      0.000      0.000      0.000      0.000    -20.934     19.795
      32        1.000000      0.002      0.000      0.000      0.000      0.000    -21.082     24.465
      33        1.000000     -0.005      0.000      0.000      0.000      0.000    -22.884     26.424
      34        1.000000     -0.002      0.000      0.000      0.000      0.000    -23.706     23.053
      35        1.000000     -0.005      0.000      0.000      0.000      0.000    -21.419     20.559
     163        1.000000      0.011      0.000      0.000      0.000      0.000    -22.491     23.853
      36        1.000000     -0.004      0.000      0.000      0.000      0.000    -19.513     26.425
     164        1.000000      0.013      0.000      0.000      0.000      0.000    -20.964     24.851
     217        1.000000      0.005      0.000      0.000      0.000      0.000    -25.735     19.556
      37        1.000000     -0.006      0.000      0.000      0.000      0.000    -18.387     25.222
     165        1.000000      0.013      0.000      0.000      0.000      0.000    -18.683     21.408
      55        1.000000     -0.007      0.000      0.000      0.000      0.000    -20.865     19.916
     109        1.000000     -0.002      0.000      0.000      0.000      0.000    -23.169     21.561
     218        1.000000     -0.008      0.000      0.000      0.000      0.000    -21.966     20.676
      38        1.000000     -0.008      0.000      0.000      0.000      0.000    -20.341     20.298
     166        1.000000      0.015      0.000      0.000      0.000      0.000    -18.060     21.978
      56        1.000000      0.000      0.000      0.000      0.000      0.000    -24.186     19.909
     110        1.000000     -0.001      0.000      0.000      0.000      0.000    -18.076     20.279
     219        1.000000     -0.001      0.000      0.000      0.000      0.000    -20.261     20.399
      39        1.000000     -0.002      0.000      0.000      0.000      0.000    -18.750     18.861
     167        1.000000      0.002      0.000      0.000      0.000      0.000    -22.082     20.614
      57        1.000000     -0.007      0.000      0.000      0.000      0.000    -18.760     24.559
     111        1.000000     -0.006      0.000      0.000      0.000      0.000    -22.828     18.161
     220        1.000000      0.003      0.000      0.000      0.000      0.000    -19.683     20.436
      40        1.000000     -0.004      0.000      0.000      0.000      0.000    -19.303     20.675
     168        1.000000      0.005      0.000      0.000      0.000      0.000    -21.298     20.541
      58        1.000000      0.003      0.000      0.000      0.000      0.000    -20.788     18.575
     112        1.000000     -0.006      0.000      0.000      0.000      0.000    -20.592     19.774
     221        1.000000     -0.003      0.000      0.000      0.000      0.000    -20.260     24.521
      41        1.000000      0.004      0.000      0.000      0.000      0.000    -19.131     23.414
      59        1.000000      0.005      0.000      0.000      0.000      0.000    -23.322     18.355
     169        1.000000     -0.005      0.000      0.000      0.000      0.000    -21.116     19.036
     113        1.000000     -0.008      0.000      0.000      0.000      0.000    -22.257     21.338
     222        1.000000     -0.008      0.000      0.000      0.000      0.000    -20.254     23.156
      42        1.000000     -0.002      0.000      0.000      0.000      0.000    -20.883     20.494
      60        1.000000     -0.003      0.000      0.000      0.000      0.000    -20.399     19.632
     170        1.000000     -0.014      0.000      0.000      0.000      0.000    -20.459     22.529
     114        1.000000     -0.001      0.000      0.000      0.000      0.000    -23.539     23.277
     223        1.000000     -0.006      0.000      0.000      0.000      0.000    -21.661     21.283
      43        1.000000      0.005      0.000      0.000      0.000      0.000    -28.492     20.863
     171        1.000000     -0.008      0.000      0.000      0.000      0.000    -23.889     21.374
      61        1.000000     -0.002      0.000      0.000      0.000      0.000    -23.010     18.796
     115        1.000000     -0.003      0.000      0.000      0.000      0.000    -19.936     23.621
     224        1.000000     -0.003      0.000      0.000      0.000      0.000    -20.368     20.000
     172        1.000000     -0.001      0.000      0.000      0.000      0.000    -18.629     20.344
      62        1.000000     -0.005      0.000      0.000      0.000      0.000    -17.821     19.550
      44        1.000000     -0.006      0.000      0.000      0.000      0.000    -21.185     24.804
     116        1.000000      0.001      0.000      0.000      0.000      0.000    -21.008     18.335
     225        1.000000      0.005      0.000      0.000      0.000      0.000    -20.200     19.402
     173        1.000000     -0.004      0.000      0.000      0.000      0.000    -22.026     21.442
      63        1.000000     -0.007      0.000      0.000      0.000      0.000    -21.412     19.750
      45        1.000000     -0.003      0.000      0.000      0.000      0.000    -21.006     24.546
     117        1.000000      0.002      0.000      0.000      0.000      0.000    -18.152     21.443
     226        1.000000      0.001      0.000      0.000      0.000      0.000    -20.783     18.716
     174        1.000000     -0.007      0.000      0.000      0.000      0.000    -19.340     20.400
      64        1.000000      0.005      0.000      0.000      0.000      0.000    -19.469     19.909
      46        1.000000     -0.017      0.000      0.000      0.000      0.000    -22.336     19.100
     118        1.000000     -0.001      0.000      0.000      0.000      0.000    -19.468     29.682
     227        1.000000      0.001      0.000      0.000      0.000      0.000    -19.549     21.268
     175        1.000000     -0.008      0.000      0.000      0.000      0.000    -26.289     19.357
      65        1.000000     -0.002      0.000      0.000      0.000      0.000    -18.485     20.961
      47        1.000000     -0.001      0.000      0.000      0.000      0.000    -18.015     18.728
     119        1.000000      0.002      0.000      0.000      0.000      0.000    -20.923     22.228
     228        1.000000     -0.002      0.000      0.000      0.000      0.000    -20.638     20.923
     176        1.000000     -0.000      0.000      0.000      0.000      0.000    -21.189     18.444
      66        1.000000     -0.009      0.000      0.000      0.000      0.000    -22.979     18.954
     120        1.000000     -0.004      0.000      0.000      0.000      0.000    -21.939     21.347
      48        1.000000     -0.006      0.000      0.000      0.000      0.000    -20.801     21.256
     229        1.000000     -0.010      0.000      0.000      0.000      0.000    -21.330     23.345
     177        1.000000      0.002      0.000      0.000      0.000      0.000    -18.139     18.081
      67        1.000000      0.001      0.000      0.000      0.000      0.000    -24.114     20.983
     121        1.000000      0.005      0.000      0.000      0.000      0.000    -21.234     22.544
      49        1.000000     -0.002      0.000      0.000      0.000      0.000    -21.717     22.654
     230        1.000000     -0.003      0.000      0.000      0.000      0.000    -20.820     20.728
     178        1.000000      0.003      0.000      0.000      0.000      0.000    -20.587     22.673
      68        1.000000     -0.007      0.000      0.000      0.000      0.000    -20.948     22.333
     122        1.000000     -0.008      0.000      0.000      0.000      0.000    -24.161     20.563
     231        1.000000     -0.008      0.000      0.000      0.000      0.000    -22.668     19.579
      50        1.000000     -0.005      0.000      0.000      0.000      0.000    -22.263     23.285
     179        1.000000     -0.003      0.000      0.000      0.000      0.000    -27.535     20.079
      69        1.000000     -0.003      0.000      0.000      0.000      0.000    -22.526     33.103
     123        1.000000     -0.009      0.000      0.000      0.000      0.000    -19.592     21.397
     232        1.000000     -0.005      0.000      0.000      0.000      0.000    -18.742     19.501
      51        1.000000     -0.012      0.000      0.000      0.000      0.000    -22.287     22.046
     180        1.000000     -0.011      0.000      0.000      0.000      0.000    -20.041     22.348
      70        1.000000     -0.003      0.000      0.000      0.000      0.000    -19.062     23.437
     124        1.000000      0.003      0.000      0.000      0.000      0.000    -18.319     17.806
     233        1.000000     -0.003      0.000      0.000      0.000      0.000    -20.860     20.117
     181        1.000000     -0.000      0.000      0.000      0.000      0.000    -27.699     25.399
      52        1.000000     -0.002      0.000      0.000      0.000      0.000    -24.663     20.416
      71        1.000000     -0.010      0.000      0.000      0.000      0.000    -19.543     19.389
     125        1.000000     -0.006      0.000      0.000      0.000      0.000    -22.006     18.913
     234        1.000000     -0.005      0.000      0.000      0.000      0.000    -20.579     18.731
     182        1.000000     -0.005      0.000      0.000      0.000      0.000    -20.777     27.170
      53        1.000000     -0.002      0.000      0.000      0.000      0.000    -20.324     19.027
      72        1.000000     -0.004      0.000      0.000      0.000      0.000    -20.519     21.114
     126        1.000000     -0.001      0.000      0.000      0.000      0.000    -19.482     19.475
     235        1.000000     -0.002      0.000      0.000      0.000      0.000    -20.918     19.306
     183        1.000000     -0.010      0.000      0.000      0.000      0.000    -19.761     20.215
      54        1.000000     -0.003      0.000      0.000      0.000      0.000    -20.905     20.644
      73        1.000000      0.001      0.000      0.000      0.000      0.000    -20.033     20.867
     127        1.000000     -0.002      0.000      0.000      0.000      0.000    -20.082     18.093
     236        1.000000      0.000      0.000      0.000      0.000      0.000    -23.459     21.303
     184        1.000000     -0.013      0.000      0.000      0.000      0.000    -23.418     19.656
      74        1.000000      0.002      0.000      0.000      0.000      0.000    -18.949     17.353
     128        1.000000     -0.001      0.000      0.000      0.000      0.000    -18.288     22.432
     185        1.000000     -0.009      0.000      0.000      0.000      0.000    -23.703     20.595
     237        1.000000     -0.006      0.000      0.000      0.000      0.000    -21.568     20.491
      75        1.000000     -0.004      0.000      0.000      0.000      0.000    -21.021     23.451
     129        1.000000      0.001      0.000      0.000      0.000      0.000    -19.286     19.644
     186        1.000000     -0.004      0.000      0.000      0.000      0.000    -19.117     19.736
     238        1.000000      0.003      0.000      0.000      0.000      0.000    -18.873     18.350
      76        1.000000     -0.002      0.000      0.000      0.000      0.000    -20.932     21.768
     130        1.000000     -0.007      0.000      0.000      0.000      0.000    -22.108     19.150
     187        1.000000     -0.004      0.000      0.000      0.000      0.000    -22.805     19.934
     239        1.000000      0.001      0.000      0.000      0.000      0.000    -20.481     21.935
      77        1.000000      0.000      0.000      0.000      0.000      0.000    -20.701     25.067
     131        1.000000     -0.000      0.000      0.000      0.000      0.000    -22.175     18.527
     188        1.000000     -0.010      0.000      0.000      0.000      0.000    -21.638     22.873
     240        1.000000     -0.006      0.000      0.000      0.000      0.000    -20.287     22.991
      78        1.000000     -0.006      0.000      0.000      0.000      0.000    -20.396     21.113
     132        1.000000     -0.001      0.000      0.000      0.000      0.000    -18.503     21.245
     189        1.000000     -0.003      0.000      0.000      0.000      0.000    -18.272     24.943
     241        1.000000     -0.003      0.000      0.000      0.000      0.000    -22.736     29.824
      79        1.000000     -0.004      0.000      0.000      0.000      0.000    -24.590     23.715
     190        1.000000     -0.011      0.000      0.000      0.000      0.000    -22.313     20.380
     133        1.000000      0.004      0.000      0.000      0.000      0.000    -18.391     24.039
     242        1.000000     -0.002      0.000      0.000      0.000      0.000    -21.557     22.831
      80        1.000000     -0.011      0.000      0.000      0.000      0.000    -20.733     22.162
     191        1.000000     -0.006      0.000      0.000      0.000      0.000    -20.222     27.179
     134        1.000000      0.000      0.000      0.000      0.000      0.000    -22.653     20.862
     243        1.000000      0.002      0.000      0.000      0.000      0.000    -21.148     23.033
      81        1.000000     -0.000      0.000      0.000      0.000      0.000    -20.705     24.722
     192        1.000000     -0.008      0.000      0.000      0.000      0.000    -19.194     20.869
     135        1.000000      0.002      0.000      0.000      0.000      0.000    -18.820     26.335
     244        1.000000     -0.006      0.000      0.000      0.000      0.000    -20.519     22.065
      82        1.000000      0.005      0.000      0.000      0.000      0.000    -19.994     18.932
     193        1.000000     -0.002      0.000      0.000      0.000      0.000    -24.061     23.263
     245        1.000000     -0.008      0.000      0.000      0.000      0.000    -18.995     19.642
     136        1.000000     -0.007      0.000      0.000      0.000      0.000    -21.386     19.743
      83        1.000000     -0.000      0.000      0.000      0.000      0.000    -20.459     20.705
     194        1.000000     -0.012      0.000      0.000      0.000      0.000    -20.140     19.545
     246        1.000000     -0.004      0.000      0.000      0.000      0.000    -29.481     21.620
     137        1.000000     -0.003      0.000      0.000      0.000      0.000    -21.857     19.668
      84        1.000000     -0.004      0.000      0.000      0.000      0.000    -23.343     20.837
     195        1.000000     -0.005      0.000      0.000      0.000      0.000    -20.073     21.642
     247        1.000000     -0.003      0.000      0.000      0.000      0.000    -18.402     26.752
     138        1.000000      0.006      0.000      0.000      0.000      0.000    -21.647     21.505
      85        1.000000     -0.009      0.000      0.000      0.000      0.000    -20.036     18.040
     196        1.000000     -0.008      0.000      0.000      0.000      0.000    -21.528     22.560
     248        1.000000     -0.001      0.000      0.000      0.000      0.000    -20.021     18.833
     139        1.000000     -0.008      0.000      0.000      0.000      0.000    -21.056     18.866
      86        1.000000      0.004      0.000      0.000      0.000      0.000    -19.064     22.725
     197        1.000000     -0.003      0.000      0.000      0.000      0.000    -20.374     20.562
     249        1.000000     -0.008      0.000      0.000      0.000      0.000    -24.706     25.720
     140        1.000000     -0.006      0.000      0.000      0.000      0.000    -19.978     21.838
      87        1.000000     -0.001      0.000      0.000      0.000      0.000    -20.260     21.719
     198        1.000000     -0.006      0.000      0.000      0.000      0.000    -19.941     20.143
     250        1.000000      0.001      0.000      0.000      0.000      0.000    -22.614     23.060
     141        1.000000     -0.002      0.000      0.000      0.000      0.000    -20.119     21.794
      88        1.000000     -0.003      0.000      0.000      0.000      0.000    -21.637     20.774
     199        1.000000     -0.004      0.000      0.000      0.000      0.000    -24.020     25.575
     251        1.000000     -0.000      0.000      0.000      0.000      0.000    -20.784     25.246
     142        1.000000     -0.001      0.000      0.000      0.000      0.000    -22.576     20.395
      89        1.000000     -0.001      0.000      0.000      0.000      0.000    -22.510     21.615
     200        1.000000     -0.011      0.000      0.000      0.000      0.000    -18.656     19.287
     252        1.000000     -0.005      0.000      0.000      0.000      0.000    -21.522     20.236
     143        1.000000     -0.011      0.000      0.000      0.000      0.000    -22.400     20.953
      90        1.000000     -0.000      0.000      0.000      0.000      0.000    -22.269     18.615
     201        1.000000     -0.011      0.000      0.000      0.000      0.000    -29.056     20.562
     253        1.000000     -0.004      0.000      0.000      0.000      0.000    -19.846     21.666
     144        1.000000     -0.007      0.000      0.000      0.000      0.000    -20.474     18.030
      91        1.000000      0.003      0.000      0.000      0.000      0.000    -20.334     19.862
     202        1.000000     -0.004      0.000      0.000      0.000      0.000    -17.667     20.798
     254        1.000000      0.000      0.000      0.000      0.000      0.000    -19.462     22.502
     145        1.000000     -0.000      0.000      0.000      0.000      0.000    -20.231     21.701
      92        1.000000     -0.002      0.000      0.000      0.000      0.000    -18.801     18.609
     203        1.000000     -0.009      0.000      0.000      0.000      0.000    -18.253     19.960
     255        1.000000     -0.004      0.000      0.000      0.000      0.000    -21.538     19.514
     146        1.000000     -0.014      0.000      0.000      0.000      0.000    -21.397     18.722
     204        1.000000      0.006      0.000      0.000      0.000      0.000    -23.996     21.507
      93        1.000000     -0.006      0.000      0.000      0.000      0.000    -23.816     22.329
     256        1.000000     -0.011      0.000      0.000      0.000      0.000    -21.109     18.441
     147        1.000000     -0.009      0.000      0.000      0.000      0.000    -26.242     22.932
     205        1.000000     -0.012      0.000      0.000      0.000      0.000    -19.206     19.202
     257        1.000000      0.001      0.000      0.000      0.000      0.000    -22.571     19.420
      94        1.000000     -0.001      0.000      0.000      0.000      0.000    -19.774     21.799
     148        1.000000     -0.008      0.000      0.000      0.000      0.000    -19.338     19.774
     206        1.000000     -0.006      0.000      0.000      0.000      0.000    -21.588     21.962
     258        1.000000     -0.007      0.000      0.000      0.000      0.000    -28.241     18.293
      95        1.000000     -0.005      0.000      0.000      0.000      0.000    -22.389     19.663
     149        1.000000     -0.016      0.000      0.000      0.000      0.000    -23.467     26.686
     207        1.000000     -0.005      0.000      0.000      0.000      0.000    -21.324     18.636
     259        1.000000     -0.010      0.000      0.000      0.000      0.000    -21.213     19.275
      96        1.000000     -0.004      0.000      0.000      0.000      0.000    -19.796     22.903
     150        1.000000     -0.004      0.000      0.000      0.000      0.000    -22.435     21.420
     208        1.000000     -0.006      0.000      0.000      0.000      0.000    -19.814     25.418
     260        1.000000      0.002      0.000      0.000      0.000      0.000    -21.066     18.492
      97        1.000000     -0.005      0.000      0.000      0.000      0.000    -20.570     19.814
     151        1.000000     -0.013      0.000      0.000      0.000      0.000    -32.805     18.463
     209        1.000000     -0.011      0.000      0.000      0.000      0.000    -20.702     21.912
     261        1.000000     -0.004      0.000      0.000      0.000      0.000    -26.742     21.870
      98        1.000000     -0.002      0.000      0.000      0.000      0.000    -19.331     22.910
     152        1.000000     -0.007      0.000      0.000      0.000      0.000    -19.657     19.556
     210        1.000000     -0.006      0.000      0.000      0.000      0.000    -20.413     19.394
     262        1.000000     -0.006      0.000      0.000      0.000      0.000    -18.291     18.674
      99        1.000000     -0.003      0.000      0.000      0.000      0.000    -20.476     19.780
     153        1.000000     -0.010      0.000      0.000      0.000      0.000    -30.214     24.548
     211        1.000000     -0.002      0.000      0.000      0.000      0.000    -19.592     20.342
     263        1.000000     -0.003      0.000      0.000      0.000      0.000    -22.126     20.977
     100        1.000000     -0.008      0.000      0.000      0.000      0.000    -19.434     25.931
     154        1.000000     -0.003      0.000      0.000      0.000      0.000    -23.429     19.922
     212        1.000000     -0.001      0.000      0.000      0.000      0.000    -24.587     18.904
     264        1.000000        nan      0.000      0.000      0.000      0.000      0.000      0.000
     101        1.000000     -0.007      0.000      0.000      0.000      0.000    -18.769     18.515
     155        1.000000     -0.009      0.000      0.000      0.000      0.000    -23.017     19.107
     213        1.000000     -0.001      0.000      0.000      0.000      0.000    -19.700     20.383
     265        1.000000        nan      0.000      0.000      0.000      0.000      0.000      0.000
     102        1.000000     -0.005      0.000      0.000      0.000      0.000    -21.534     20.709
     156        1.000000     -0.006      0.000      0.000      0.000      0.000    -20.240     21.788
     214        1.000000     -0.004      0.000      0.000      0.000      0.000    -20.118     18.991
     266        1.000000        nan      0.000      0.000      0.000      0.000      0.000      0.000
     103        1.000000     -0.004      0.000      0.000      0.000      0.000    -20.159     22.035
     157        1.000000     -0.002      0.000      0.000      0.000      0.000    -31.092     21.148
     215        1.000000     -0.001      0.000      0.000      0.000      0.000    -20.542     23.544
     267        1.000000        nan      0.000      0.000      0.000      0.000      0.000      0.000
     104        1.000000      0.000      0.000      0.000      0.000      0.000    -21.237     24.619
     216        1.000000     -0.008      0.000      0.000      0.000      0.000    -22.920     20.842
     158        1.000000     -0.006      0.000      0.000      0.000      0.000    -21.986     19.108
     268        1.000000        nan      0.000      0.000      0.000      0.000      0.000      0.000
     105        1.000000     -0.002      0.000      0.000      0.000      0.000    -19.003     20.664
     159        1.000000      0.014      0.000      0.000      0.000      0.000    -22.270     28.085
     269        1.000000        nan      0.000      0.000      0.000      0.000      0.000      0.000
     106        1.000000     -0.007      0.000      0.000      0.000      0.000    -19.875     21.487
     160        1.000000     -0.022      0.000      0.000      0.000      0.000    -22.552     19.366
     270        1.000000        nan      0.000      0.000      0.000      0.000      0.000      0.000
     107        1.000000      0.003      0.000      0.000      0.000      0.000    -20.486     22.773
     161        1.000000      0.004      0.000      0.000      0.000      0.000    -20.316     25.567
     108        1.000000      0.002      0.000      0.000      0.000      0.000    -27.001     21.513
     162        1.000000     -0.003      0.000      0.000      0.000      0.000    -28.520     23.189
