#Channel       Frequency       Mean        Std     Median      MADFM      1%ile        Min        Max
#                    MHz   mJy/beam   mJy/beam   mJy/beam   mJy/beam   mJy/beam   mJy/beam   mJy/beam
       5        1.000000     -0.002      0.000      0.000      0.000      0.000    -18.296     21.445
       4        1.000000      0.004      0.000      0.000      0.000      0.000    -23.760     22.355
       2        1.000000      0.001      0.000      0.000      0.000      0.000    -23.654     22.757
       1        1.000000     -0.001      0.000      0.000      0.000      0.000    -22.369     22.544
       3        1.000000      0.012      0.000      0.000      0.000      0.000    -19.068     20.087
      10        1.000000      0.009      0.000      0.000      0.000      0.000    -18.463     19.578
       7        1.000000     -0.001      0.000      0.000      0.000      0.000    -18.656     23.049
       9        1.000000     -0.008      0.000      0.000      0.000      0.000    -18.862     23.724
       6        1.000000      0.001      0.000      0.000      0.000      0.000    -18.866     19.907
       8        1.000000     -0.001      0.000      0.000      0.000      0.000    -27.004     20.096
      15        1.000000     -0.005      0.000      0.000      0.000      0.000    -20.561     23.507
      14        1.000000     -0.002      0.000      0.000      0.000      0.000    -20.569     19.447
      12        1.000000     -0.007      0.000      0.000      0.000      0.000    -20.540     20.689
      13        1.000000      0.006      0.000      0.000      0.000      0.000    -20.322     23.484
      11        1.000000      0.009      0.000      0.000      0.000      0.000    -18.000     22.400
      20        1.000000      0.001      0.000      0.000      0.000      0.000    -19.720     19.335
      19        1.000000     -0.005      0.000      0.000      0.000      0.000    -18.379     23.171
      17        1.000000     -0.001      0.000      0.000      0.000      0.000    -22.177     19.207
      18        1.000000     -0.000      0.000      0.000      0.000      0.000    -18.900     19.903
      25        1.000000     -0.005      0.000      0.000      0.000      0.000    -18.624     25.343
      16        1.000000      0.001      0.000      0.000      0.000      0.000    -19.921     22.550
      24        1.000000     -0.007      0.000      0.000      0.000      0.000    -21.374     24.427
      22        1.000000     -0.008      0.000      0.000      0.000      0.000    -20.200     20.263
      30        1.000000     -0.001      0.000      0.000      0.000      0.000    -23.569     21.183
      23        1.000000      0.003      0.000      0.000      0.000      0.000    -20.300     20.256
      21        1.000000     -0.008      0.000      0.000      0.000      0.000    -20.405     19.152
      29        1.000000      0.002      0.000      0.000      0.000      0.000    -19.089     18.976
      27        1.000000     -0.000      0.000      0.000      0.000      0.000    -18.836     19.809
      35        1.000000     -0.005      0.000      0.000      0.000      0.000    -21.419     20.559
      26        1.000000      0.002      0.000      0.000      0.000      0.000    -20.741     23.193
      28        1.000000     -0.005      0.000      0.000      0.000      0.000    -21.146     22.751
      34        1.000000     -0.002      0.000      0.000      0.000      0.000    -23.706     23.053
      40        1.000000     -0.004      0.000      0.000      0.000      0.000    -19.303     20.675
      32        1.000000      0.002      0.000      0.000      0.000      0.000    -21.082     24.465
      39        1.000000     -0.002      0.000      0.000      0.000      0.000    -18.750     18.861
      31        1.000000      0.002      0.000      0.000      0.000      0.000    -20.934     19.795
      33        1.000000     -0.005      0.000      0.000      0.000      0.000    -22.884     26.424
      45        1.000000     -0.003      0.000      0.000      0.000      0.000    -21.006     24.546
      37        1.000000     -0.006      0.000      0.000      0.000      0.000    -18.387     25.222
      44        1.000000     -0.006      0.000      0.000      0.000      0.000    -21.185     24.804
      36        1.000000     -0.004      0.000      0.000      0.000      0.000    -19.513     26.425
      38        1.000000     -0.008      0.000      0.000      0.000      0.000    -20.341     20.298
      50        1.000000     -0.005      0.000      0.000      0.000      0.000    -22.263     23.285
      42        1.000000     -0.002      0.000      0.000      0.000      0.000    -20.883     20.494
      49        1.000000     -0.002      0.000      0.000      0.000      0.000    -21.717     22.654
      41        1.000000      0.004      0.000      0.000      0.000      0.000    -19.131     23.414
      55        1.000000     -0.007      0.000      0.000      0.000      0.000    -20.865     19.916
      43        1.000000      0.005      0.000      0.000      0.000      0.000    -28.492     20.863
      47        1.000000     -0.001      0.000      0.000      0.000      0.000    -18.015     18.728
      54        1.000000     -0.003      0.000      0.000      0.000      0.000    -20.905     20.644
      60        1.000000     -0.003      0.000      0.000      0.000      0.000    -20.399     19.632
      46        1.000000     -0.017      0.000      0.000      0.000      0.000    -22.336     19.100
      48        1.000000     -0.006      0.000      0.000      0.000      0.000    -20.801     21.256
      52        1.000000     -0.002      0.000      0.000      0.000      0.000    -24.663     20.416
      59        1.000000      0.005      0.000      0.000      0.000      0.000    -23.322     18.355
      65        1.000000     -0.002      0.000      0.000      0.000      0.000    -18.485     20.961
      51        1.000000     -0.012      0.000      0.000      0.000      0.000    -22.287     22.046
      53        1.000000     -0.002      0.000      0.000      0.000      0.000    -20.324     19.027
      64        1.000000      0.005      0.000      0.000      0.000      0.000    -19.469     19.909
      57        1.000000     -0.007      0.000      0.000      0.000      0.000    -18.760     24.559
      70        1.000000     -0.003      0.000      0.000      0.000      0.000    -19.062     23.437
      56        1.000000      0.000      0.000      0.000      0.000      0.000    -24.186     19.909
      58        1.000000      0.003      0.000      0.000      0.000      0.000    -20.788     18.575
      69        1.000000     -0.003      0.000      0.000      0.000      0.000    -22.526     33.103
      62        1.000000     -0.005      0.000      0.000      0.000      0.000    -17.821     19.550
      75        1.000000     -0.004      0.000      0.000      0.000      0.000    -21.021     23.451
      61        1.000000     -0.002      0.000      0.000      0.000      0.000    -23.010     18.796
      74        1.000000      0.002      0.000      0.000      0.000      0.000    -18.949     17.353
      63        1.000000     -0.007      0.000      0.000      0.000      0.000    -21.412     19.750
      67        1.000000      0.001      0.000      0.000      0.000      0.000    -24.114     20.983
      80        1.000000     -0.011      0.000      0.000      0.000      0.000    -20.733     22.162
      79        1.000000     -0.004      0.000      0.000      0.000      0.000    -24.590     23.715
      66        1.000000     -0.009      0.000      0.000      0.000      0.000    -22.979     18.954
      68        1.000000     -0.007      0.000      0.000      0.000      0.000    -20.948     22.333
      72        1.000000     -0.004      0.000      0.000      0.000      0.000    -20.519     21.114
      85        1.000000     -0.009      0.000      0.000      0.000      0.000    -20.036     18.040
      84        1.000000     -0.004      0.000      0.000      0.000      0.000    -23.343     20.837
      71        1.000000     -0.010      0.000      0.000      0.000      0.000    -19.543     19.389
      73        1.000000      0.001      0.000      0.000      0.000      0.000    -20.033     20.867
      90        1.000000     -0.000      0.000      0.000      0.000      0.000    -22.269     18.615
      77        1.000000      0.000      0.000      0.000      0.000      0.000    -20.701     25.067
      89        1.000000     -0.001      0.000      0.000      0.000      0.000    -22.510     21.615
      95        1.000000     -0.005      0.000      0.000      0.000      0.000    -22.389     19.663
      76        1.000000     -0.002      0.000      0.000      0.000      0.000    -20.932     21.768
      78        1.000000     -0.006      0.000      0.000      0.000      0.000    -20.396     21.113
      82        1.000000      0.005      0.000      0.000      0.000      0.000    -19.994     18.932
      94        1.000000     -0.001      0.000      0.000      0.000      0.000    -19.774     21.799
     100        1.000000     -0.008      0.000      0.000      0.000      0.000    -19.434     25.931
      81        1.000000     -0.000      0.000      0.000      0.000      0.000    -20.705     24.722
      83        1.000000     -0.000      0.000      0.000      0.000      0.000    -20.459     20.705
      87        1.000000     -0.001      0.000      0.000      0.000      0.000    -20.260     21.719
      99        1.000000     -0.003      0.000      0.000      0.000      0.000    -20.476     19.780
     105        1.000000     -0.002      0.000      0.000      0.000      0.000    -19.003     20.664
      86        1.000000      0.004      0.000      0.000      0.000      0.000    -19.064     22.725
      88        1.000000     -0.003      0.000      0.000      0.000      0.000    -21.637     20.774
      92        1.000000     -0.002      0.000      0.000      0.000      0.000    -18.801     18.609
     104        1.000000      0.000      0.000      0.000      0.000      0.000    -21.237     24.619
     110        1.000000     -0.001      0.000      0.000      0.000      0.000    -18.076     20.279
     109        1.000000     -0.002      0.000      0.000      0.000      0.000    -23.169     21.561
      91        1.000000      0.003      0.000      0.000      0.000      0.000    -20.334     19.862
      93        1.000000     -0.006      0.000      0.000      0.000      0.000    -23.816     22.329
      97        1.000000     -0.005      0.000      0.000      0.000      0.000    -20.570     19.814
     115        1.000000     -0.003      0.000      0.000      0.000      0.000    -19.936     23.621
     114        1.000000     -0.001      0.000      0.000      0.000      0.000    -23.539     23.277
      98        1.000000     -0.002      0.000      0.000      0.000      0.000    -19.331     22.910
     102        1.000000     -0.005      0.000      0.000      0.000      0.000    -21.534     20.709
     120        1.000000     -0.004      0.000      0.000      0.000      0.000    -21.939     21.347
      96        1.000000     -0.004      0.000      0.000      0.000      0.000    -19.796     22.903
     119        1.000000      0.002      0.000      0.000      0.000      0.000    -20.923     22.228
     107        1.000000      0.003      0.000      0.000      0.000      0.000    -20.486     22.773
     103        1.000000     -0.004      0.000      0.000      0.000      0.000    -20.159     22.035
     125        1.000000     -0.006      0.000      0.000      0.000      0.000    -22.006     18.913
     101        1.000000     -0.007      0.000      0.000      0.000      0.000    -18.769     18.515
     124        1.000000      0.003      0.000      0.000      0.000      0.000    -18.319     17.806
     112        1.000000     -0.006      0.000      0.000      0.000      0.000    -20.592     19.774
     106        1.000000     -0.007      0.000      0.000      0.000      0.000    -19.875     21.487
     130        1.000000     -0.007      0.000      0.000      0.000      0.000    -22.108     19.150
     108        1.000000      0.002      0.000      0.000      0.000      0.000    -27.001     21.513
     129        1.000000      0.001      0.000      0.000      0.000      0.000    -19.286     19.644
     117        1.000000      0.002      0.000      0.000      0.000      0.000    -18.152     21.443
     111        1.000000     -0.006      0.000      0.000      0.000      0.000    -22.828     18.161
     113        1.000000     -0.008      0.000      0.000      0.000      0.000    -22.257     21.338
     135        1.000000      0.002      0.000      0.000      0.000      0.000    -18.820     26.335
     134        1.000000      0.000      0.000      0.000      0.000      0.000    -22.653     20.862
     116        1.000000      0.001      0.000      0.000      0.000      0.000    -21.008     18.335
     122        1.000000     -0.008      0.000      0.000      0.000      0.000    -24.161     20.563
     118        1.000000     -0.001      0.000      0.000      0.000      0.000    -19.468     29.682
     140        1.000000     -0.006      0.000      0.000      0.000      0.000    -19.978     21.838
     139        1.000000     -0.008      0.000      0.000      0.000      0.000    -21.056     18.866
     121        1.000000      0.005      0.000      0.000      0.000      0.000    -21.234     22.544
     127        1.000000     -0.002      0.000      0.000      0.000      0.000    -20.082     18.093
     145        1.000000     -0.000      0.000      0.000      0.000      0.000    -20.231     21.701
     123        1.000000     -0.009      0.000      0.000      0.000      0.000    -19.592     21.397
     144        1.000000     -0.007      0.000      0.000      0.000      0.000    -20.474     18.030
     126        1.000000     -0.001      0.000      0.000      0.000      0.000    -19.482     19.475
     132        1.000000     -0.001      0.000      0.000      0.000      0.000    -18.503     21.245
     150        1.000000     -0.004      0.000      0.000      0.000      0.000    -22.435     21.420
     128        1.000000     -0.001      0.000      0.000      0.000      0.000    -18.288     22.432
     149        1.000000     -0.016      0.000      0.000      0.000      0.000    -23.467     26.686
     131        1.000000     -0.000      0.000      0.000      0.000      0.000    -22.175     18.527
     137        1.000000     -0.003      0.000      0.000      0.000      0.000    -21.857     19.668
     133        1.000000      0.004      0.000      0.000      0.000      0.000    -18.391     24.039
     155        1.000000     -0.009      0.000      0.000      0.000      0.000    -23.017     19.107
     154        1.000000     -0.003      0.000      0.000      0.000      0.000    -23.429     19.922
     136        1.000000     -0.007      0.000      0.000      0.000      0.000    -21.386     19.743
     142        1.000000     -0.001      0.000      0.000      0.000      0.000    -22.576     20.395
     138        1.000000      0.006      0.000      0.000      0.000      0.000    -21.647     21.505
     160        1.000000     -0.022      0.000      0.000      0.000      0.000    -22.552     19.366
     159        1.000000      0.014      0.000      0.000      0.000      0.000    -22.270     28.085
     141        1.000000     -0.002      0.000      0.000      0.000      0.000    -20.119     21.794
     147        1.000000     -0.009      0.000      0.000      0.000      0.000    -26.242     22.932
     143        1.000000     -0.011      0.000      0.000      0.000      0.000    -22.400     20.953
     165        1.000000      0.013      0.000      0.000      0.000      0.000    -18.683     21.408
     164        1.000000      0.013      0.000      0.000      0.000      0.000    -20.964     24.851
     146        1.000000     -0.014      0.000      0.000      0.000      0.000    -21.397     18.722
     152        1.000000     -0.007      0.000      0.000      0.000      0.000    -19.657     19.556
     170        1.000000     -0.014      0.000      0.000      0.000      0.000    -20.459     22.529
     148        1.000000     -0.008      0.000      0.000      0.000      0.000    -19.338     19.774
     169        1.000000     -0.005      0.000      0.000      0.000      0.000    -21.116     19.036
     151        1.000000     -0.013      0.000      0.000      0.000      0.000    -32.805     18.463
     157        1.000000     -0.002      0.000      0.000      0.000      0.000    -31.092     21.148
     153        1.000000     -0.010      0.000      0.000      0.000      0.000    -30.214     24.548
     174        1.000000     -0.007      0.000      0.000      0.000      0.000    -19.340     20.400
     175        1.000000     -0.008      0.000      0.000      0.000      0.000    -26.289     19.357
     156        1.000000     -0.006      0.000      0.000      0.000      0.000    -20.240     21.788
     162        1.000000     -0.003      0.000      0.000      0.000      0.000    -28.520     23.189
     179        1.000000     -0.003      0.000      0.000      0.000      0.000    -27.535     20.079
     180        1.000000     -0.011      0.000      0.000      0.000      0.000    -20.041     22.348
     158        1.000000     -0.006      0.000      0.000      0.000      0.000    -21.986     19.108
     161        1.000000      0.004      0.000      0.000      0.000      0.000    -20.316     25.567
     167        1.000000      0.002      0.000      0.000      0.000      0.000    -22.082     20.614
     184        1.000000     -0.013      0.000      0.000      0.000      0.000    -23.418     19.656
     163        1.000000      0.011      0.000      0.000      0.000      0.000    -22.491     23.853
     185        1.000000     -0.009      0.000      0.000      0.000      0.000    -23.703     20.595
     166        1.000000      0.015      0.000      0.000      0.000      0.000    -18.060     21.978
     172        1.000000     -0.001      0.000      0.000      0.000      0.000    -18.629     20.344
     189        1.000000     -0.003      0.000      0.000      0.000      0.000    -18.272     24.943
     168        1.000000      0.005      0.000      0.000      0.000      0.000    -21.298     20.541
     190        1.000000     -0.011      0.000      0.000      0.000      0.000    -22.313     20.380
     171        1.000000     -0.008      0.000      0.000      0.000      0.000    -23.889     21.374
     177        1.000000      0.002      0.000      0.000      0.000      0.000    -18.139     18.081
     194        1.000000     -0.012      0.000      0.000      0.000      0.000    -20.140     19.545
     173        1.000000     -0.004      0.000      0.000      0.000      0.000    -22.026     21.442
     195        1.000000     -0.005      0.000      0.000      0.000      0.000    -20.073     21.642
     176        1.000000     -0.000      0.000      0.000      0.000      0.000    -21.189     18.444
     182        1.000000     -0.005      0.000      0.000      0.000      0.000    -20.777     27.170
     199        1.000000     -0.004      0.000      0.000      0.000      0.000    -24.020     25.575
     200        1.000000     -0.011      0.000      0.000      0.000      0.000    -18.656     19.287
     178        1.000000      0.003      0.000      0.000      0.000      0.000    -20.587     22.673
     181        1.000000     -0.000      0.000      0.000      0.000      0.000    -27.699     25.399
     187        1.000000     -0.004      0.000      0.000      0.000      0.000    -22.805     19.934
     204        1.000000      0.006      0.000      0.000      0.000      0.000    -23.996     21.507
     183        1.000000     -0.010      0.000      0.000      0.000      0.000    -19.761     20.215
     205        1.000000     -0.012      0.000      0.000      0.000      0.000    -19.206     19.202
     186        1.000000     -0.004      0.000      0.000      0.000      0.000    -19.117     19.736
     192        1.000000     -0.008      0.000      0.000      0.000      0.000    -19.194     20.869
     209        1.000000     -0.011      0.000      0.000      0.000      0.000    -20.702     21.912
     210        1.000000     -0.006      0.000      0.000      0.000      0.000    -20.413     19.394
     188        1.000000     -0.010      0.000      0.000      0.000      0.000    -21.638     22.873
     191        1.000000     -0.006      0.000      0.000      0.000      0.000    -20.222     27.179
     197        1.000000     -0.003      0.000      0.000      0.000      0.000    -20.374     20.562
     214        1.000000     -0.004      0.000      0.000      0.000      0.000    -20.118     18.991
     193        1.000000     -0.002      0.000      0.000      0.000      0.000    -24.061     23.263
     215        1.000000     -0.001      0.000      0.000      0.000      0.000    -20.542     23.544
     196        1.000000     -0.008      0.000      0.000      0.000      0.000    -21.528     22.560
     219        1.000000     -0.001      0.000      0.000      0.000      0.000    -20.261     20.399
     202        1.000000     -0.004      0.000      0.000      0.000      0.000    -17.667     20.798
     198        1.000000     -0.006      0.000      0.000      0.000      0.000    -19.941     20.143
     220        1.000000      0.003      0.000      0.000      0.000      0.000    -19.683     20.436
     224        1.000000     -0.003      0.000      0.000      0.000      0.000    -20.368     20.000
     201        1.000000     -0.011      0.000      0.000      0.000      0.000    -29.056     20.562
     207        1.000000     -0.005      0.000      0.000      0.000      0.000    -21.324     18.636
     225        1.000000      0.005      0.000      0.000      0.000      0.000    -20.200     19.402
     203        1.000000     -0.009      0.000      0.000      0.000      0.000    -18.253     19.960
     229        1.000000     -0.010      0.000      0.000      0.000      0.000    -21.330     23.345
     206        1.000000     -0.006      0.000      0.000      0.000      0.000    -21.588     21.962
     212        1.000000     -0.001      0.000      0.000      0.000      0.000    -24.587     18.904
     230        1.000000     -0.003      0.000      0.000      0.000      0.000    -20.820     20.728
     208        1.000000     -0.006      0.000      0.000      0.000      0.000    -19.814     25.418
     234        1.000000     -0.005      0.000      0.000      0.000      0.000    -20.579     18.731
     211        1.000000     -0.002      0.000      0.000      0.000      0.000    -19.592     20.342
     217        1.000000      0.005      0.000      0.000      0.000      0.000    -25.735     19.556
     213        1.000000     -0.001      0.000      0.000      0.000      0.000    -19.700     20.383
     235        1.000000     -0.002      0.000      0.000      0.000      0.000    -20.918     19.306
     239        1.000000      0.001      0.000      0.000      0.000      0.000    -20.481     21.935
     222        1.000000     -0.008      0.000      0.000      0.000      0.000    -20.254     23.156
     216        1.000000     -0.008      0.000      0.000      0.000      0.000    -22.920     20.842
     218        1.000000     -0.008      0.000      0.000      0.000      0.000    -21.966     20.676
     240        1.000000     -0.006      0.000      0.000      0.000      0.000    -20.287     22.991
     244        1.000000     -0.006      0.000      0.000      0.000      0.000    -20.519     22.065
     221        1.000000     -0.003      0.000      0.000      0.000      0.000    -20.260     24.521
     227        1.000000      0.001      0.000      0.000      0.000      0.000    -19.549     21.268
     245        1.000000     -0.008      0.000      0.000      0.000      0.000    -18.995     19.642
     223        1.000000     -0.006      0.000      0.000      0.000      0.000    -21.661     21.283
     249        1.000000     -0.008      0.000      0.000      0.000      0.000    -24.706     25.720
     226        1.000000      0.001      0.000      0.000      0.000      0.000    -20.783     18.716
     232        1.000000     -0.005      0.000      0.000      0.000      0.000    -18.742     19.501
     250        1.000000      0.001      0.000      0.000      0.000      0.000    -22.614     23.060
     228        1.000000     -0.002      0.000      0.000      0.000      0.000    -20.638     20.923
     254        1.000000      0.000      0.000      0.000      0.000      0.000    -19.462     22.502
     237        1.000000     -0.006      0.000      0.000      0.000      0.000    -21.568     20.491
     231        1.000000     -0.008      0.000      0.000      0.000      0.000    -22.668     19.579
     233        1.000000     -0.003      0.000      0.000      0.000      0.000    -20.860     20.117
     255        1.000000     -0.004      0.000      0.000      0.000      0.000    -21.538     19.514
     259        1.000000     -0.010      0.000      0.000      0.000      0.000    -21.213     19.275
     242        1.000000     -0.002      0.000      0.000      0.000      0.000    -21.557     22.831
     236        1.000000      0.000      0.000      0.000      0.000      0.000    -23.459     21.303
     260        1.000000      0.002      0.000      0.000      0.000      0.000    -21.066     18.492
     238        1.000000      0.003      0.000      0.000      0.000      0.000    -18.873     18.350
     264        1.000000        nan      0.000      0.000      0.000      0.000      0.000      0.000
     247        1.000000     -0.003      0.000      0.000      0.000      0.000    -18.402     26.752
     241        1.000000     -0.003      0.000      0.000      0.000      0.000    -22.736     29.824
     265        1.000000        nan      0.000      0.000      0.000      0.000      0.000      0.000
     243        1.000000      0.002      0.000      0.000      0.000      0.000    -21.148     23.033
     269        1.000000        nan      0.000      0.000      0.000      0.000      0.000      0.000
     252        1.000000     -0.005      0.000      0.000      0.000      0.000    -21.522     20.236
     246        1.000000     -0.004      0.000      0.000      0.000      0.000    -29.481     21.620
     270        1.000000        nan      0.000      0.000      0.000      0.000      0.000      0.000
     248        1.000000     -0.001      0.000      0.000      0.000      0.000    -20.021     18.833
     257        1.000000      0.001      0.000      0.000      0.000      0.000    -22.571     19.420
     251        1.000000     -0.000      0.000      0.000      0.000      0.000    -20.784     25.246
     253        1.000000     -0.004      0.000      0.000      0.000      0.000    -19.846     21.666
     262        1.000000     -0.006      0.000      0.000      0.000      0.000    -18.291     18.674
     256        1.000000     -0.011      0.000      0.000      0.000      0.000    -21.109     18.441
     258        1.000000     -0.007      0.000      0.000      0.000      0.000    -28.241     18.293
     261        1.000000     -0.004      0.000      0.000      0.000      0.000    -26.742     21.870
     267        1.000000        nan      0.000      0.000      0.000      0.000      0.000      0.000
     263        1.000000     -0.003      0.000      0.000      0.000      0.000    -22.126     20.977
     266        1.000000        nan      0.000      0.000      0.000      0.000      0.000      0.000
     268        1.000000        nan      0.000      0.000      0.000      0.000      0.000      0.000
